21372137213721372137213721372137213721372137213721372137213721372137213769
213769         21372137213721372137213721372137213721372137213721372137690
2137   2137213721372137213721372137213721372137213721372137213721372137690
690  690       2137       2137  2137        21370        213769       2137
69  69  213721370   21370   69  690  2137213769  690 690  690   213769  69
69  0        2137  2137690  69  69  21372137690 2137  690  69  2137690  69
69  69 2137213769  2137690  69  69  213769  69  2137  690  69           69
69   69  21372137  2137690  69  690   2137  69  2137  690  69  2137690  69
690   690      69  2137690  69  213769      69  2137  690  69  2137690  69
21370          21372137213721372137213721372137213721372137213721372137690
21372137       21372137213721372137213721372137213721372137213721372137690
21372137213721372137213721372137213721372137213721372137213721372137213769